1 1 2 7.0
2 2 3 2.0 1 7.0
3 3 4 2.2 2 2.0 190 8.0
3 4 3 2.2 5 4.7 191 4.7
2 5 4 4.7 6 2.2
2 6 5 2.2 7 2.9
2 7 6 2.9 8 4.7
3 8 7 4.7 57 1.5 9 7.7
2 9 8 7.7 10 1.8
2 10 9 1.8 11 2.0
4 11 10 2.0 12 2.9 202 2.2 203 7.8
2 12 11 2.9 13 1.3
4 13 12 1.3 14 3.8 95 3.8 96 2.2
2 14 13 3.8 15 2.9
2 15 14 2.9 16 3.8
2 16 15 3.8 17 2.9
2 17 16 2.9 18 2.0
2 18 17 2.0 19 4.7
2 19 18 4.7 20 2.0
3 20 19 2.0 21 2.0 137 2.9
2 21 20 2.0 22 3.8
2 22 21 3.8 23 2.2
4 23 22 2.2 24 3.8 173 2.0 174 7
2 24 23 3.8 25 2.0
2 25 24 2.0 26 2.0
2 26 25 2.0 27 2.2
2 27 26 2.2 28 2.0
3 28 27 2.0 29 1.4 80 7
2 29 28 1.4 30 2.2
2 30 29 2.2 31 2.9
2 31 30 2.9 32 3.8
2 32 31 3.8 33 4.7
2 33 32 4.7 34 2.0
2 34 33 2.0 35 2.0
2 35 34 2.0 36 2.0
2 36 35 2.0 37 2.9
2 37 36 2.9 38 2.2
2 38 37 2.2 39 2.9
2 39 38 2.9 40 2.2
2 40 39 2.2 41 7.7
2 41 40 7.7 138 3.1
1 42 43 2.2
2 43 42 2.2 44 2.2
2 44 43 2.2 45 2.2
2 45 44 2.2 46 2.2
3 46 45 2.2 47 2.2 228 2.2
2 47 46 2.2 48 2.2
2 48 47 2.2 49 4.7
2 49 48 4.7 50 1.4
3 50 49 1.4 51 2.9 58 2
2 51 50 2.9 52 3.8
2 52 51 3.8 53 2.2
2 53 52 2.2 54 3.8
2 54 53 3.8 55 2.2
2 55 54 2.2 56 3.8
4 56 55 3.8 57 7.7 185 2.2 186 2.2
2 57 56 7.7 8 1.5
2 58 50 7.9 59 7
2 59 58 7 60 2
2 60 59 7.9 61 7.7
2 61 60 7.7 62 2.2
2 62 61 2.2 63 3.8
2 63 62 3.8 64 3.8
2 64 63 3.8 65 2.2
4 65 64 2.2 66 1.5 209 1.8 210 1.8
2 66 65 1.5 67 4.7
2 67 66 4.7 68 1.8
2 68 67 1.8 69 2.0
2 69 68 2.0 70 7.4
4 70 69 7.4 71 2.2 103 7.4 104 7.7
2 71 70 2.2 72 2
2 72 71 7.9 73 4.7
2 73 72 4.7 74 2.8
2 74 73 2.8 75 2.1
2 75 74 2.1 76 2.3
2 76 75 2.3 77 2
2 77 76 7.9 78 3.1
2 78 77 3.1 79 1.5
2 79 78 1.5 80 7
2 80 79 7 28 7
1 81 82 2.0
2 82 81 2.0 83 7.7
2 83 82 7.7 84 3.8
2 84 83 3.8 85 4.7
2 85 84 4.7 86 1.5
4 86 85 1.5 87 1.4 169 2.2 170 7.4
2 87 86 1.4 88 4.7
2 88 87 4.7 89 2.0
2 89 88 2.0 90 3.8
2 90 89 3.8 91 2.9
2 91 90 2.9 92 2.9
5 92 91 2.9 93 3.8 199 7 153 3.8 154 2.3
2 93 92 3.8 94 3.8
2 94 93 3.8 95 1.3
3 95 94 1.3 141 7.8 13 3.8
2 96 13 2.2 97 1.8
4 97 96 1.8 98 1.3 203 4.7 204 2.4
2 98 97 1.3 99 1.4
2 99 98 1.4 100 4.7
2 100 99 4.7 101 4.7
4 101 100 4.7 102 1.8 180 2.9 181 4.7
2 102 101 1.8 103 1
2 103 102 2.2 70 7.4
2 104 70 7.7 105 1
2 105 104 2.2 106 7.8
2 106 105 7.8 107 4.7
2 107 106 4.7 108 7
2 108 107 7 109 4.7
2 109 108 4.7 110 2.7
2 110 109 2.7 111 2.5
2 111 110 2.5 112 2.0
2 112 111 2.0 113 4.7
2 113 112 4.7 114 1.4
2 114 113 1.4 115 1.5
1 115 114 1.5
1 116 117 1
2 117 116 2.2 118 1
2 118 117 2.2 119 1
2 119 118 2.2 120 4.7
2 120 119 4.7 121 7.7
2 121 120 7.7 122 2.1
2 122 121 2.1 123 4.7
2 123 122 4.7 124 4.7
2 124 123 4.7 125 3.8
2 125 124 3.8 126 1.8
2 126 125 1.8 127 1.8
2 127 126 1.8 128 1.8
2 128 127 1.8 129 3.8
2 129 128 3.8 130 2.0
2 130 129 2.0 131 1
2 131 130 2.2 132 1.5
2 132 131 1.5 133 2.9
2 133 132 2.9 134 1.5
2 134 133 1.5 135 2.0
3 135 134 2.0 136 1.5 137 2
3 136 135 1.5 149 2.9 150 3.8
2 137 135 7.9 20 2.9
2 138 139 3.4 41 3.1
2 139 138 3.4 140 7
2 140 139 7 141 6.8
2 141 95 7.8 140 6.8
1 142 143 1
2 143 142 2.2 144 4.7
2 144 143 4.7 145 1.8
2 145 144 1.8 146 1
2 146 145 2.2 147 4.7
4 147 146 4.7 148 1.5 170 7 171 2.9
2 148 147 1.5 149 1.8
2 149 148 1.8 136 2.9
2 150 136 3.8 151 7.4
2 151 150 7.4 152 1.8 
2 152 151 1.8 153 1
2 153 152 2.2 92 3.8
2 154 92 2.3 155 7.4
2 155 154 7.4 156 2.9
4 156 155 2.9 157 3.8 193 4.7 194 7.7
2 157 156 3.8 158 2.9
2 158 157 2.9 159 2.9
2 159 158 2.9 160 2.0
2 160 159 2.0 161 2.2
2 161 160 2.2 162 2.2
2 162 161 2.2 163 2.2
2 163 162 2.2 164 2.2
2 164 163 2.2 165 2.2
2 165 164 2.2 166 2.2
2 166 165 2.2 167 2.2
2 167 166 2.2 168 2.2
1 168 167 1
1 169 86 2.2
2 170 86 7.4 147 7
2 171 147 2.9 172 7.7
2 172 171 7.7 173 2
2 173 172 7.9 23 2.0
2 174 23 7 175 7
2 175 174 7 176 7.7
2 176 175 7.7 177 5.6
2 177 176 5.6 178 4.7
2 178 177 4.7 179 7.4
2 179 178 7.4 180 1.4
2 180 179 1.4 101 2.9
2 181 101 4.7 182 7.7
4 182 181 7.7 183 2.2 206 1.5 207 2.3
2 183 182 2.2 184 2.2
2 184 183 2.2 185 2.2
2 185 184 2.2 56 2.2
2 186 56 2.2 187 2.2
2 187 186 2.2 188 2.2
2 188 187 2.2 189 2.0
2 189 188 0 190 1.4
2 190 189 1.4 3 2.1
2 191 4 4.7 192 1.8
2 192 191 1.8 193 2.0
2 193 192 2.0 156 4.7
2 194 156 7.7 195 2.9
2 195 194 2.9 196 4.7
2 196 195 4.7 197 2.9
2 197 196 2.9 198 2.0
1 198 197 2.0
2 199 92 7 200 2.0
2 200 199 2.0 201 4.7
2 201 200 4.7 202 2.9
2 202 201 2.9 11 2.2
2 203 11 7.8 97 4.7
2 204 97 2.4 205 7.4
2 205 204 7.4 206 2.0
2 206 205 2.0 182 1.5
2 207 182 2.3 208 4.7
2 208 207 4.7 209 2.9
2 209 208 2.9 65 1.8
2 210 65 1.8 211 1.5
2 211 210 1.5 212 2.9
2 212 211 2.9 213 3.8
2 213 212 3.8 214 3.8
2 214 213 3.8 215 2
2 215 214 7.9 216 3.8
2 216 215 3.8 217 3.8
2 217 216 3.8 218 2.3
2 218 217 2.3 219 2.2
2 219 218 2.2 220 2.9
2 220 219 2.9 221 7.4
2 221 220 7.4 222 4.7
2 222 221 4.7 223 1.5
2 223 222 1.5 224 4.7
2 224 223 4.7 225 7.7
2 225 224 7.7 2262.2 
2 226 225 2.2 2272.2 
1 227 226 2.2
2 228 46 2.2 229 2.2 
2 229 228 2.2 230 2.2 
2 230 229 2.2 231 2.2 
2 231 230 2.2 232 2.2 
2 232 231 2.2 233 2.2 
2 233 232 2.2 234 2.2 
2 234 233 2.2 235 2.2 
2 235 234 2.2 236 2.2 
2 236 235 2.2 237 2.2 
2 237 236 2.2 238 2.2 
2 238 237 2.2 239 2.2 
2 239 238 2.2 240 2.2 
2 240 239 2.2 241 2.2 
2 241 240 2.2 242 2.2 
2 242 241 2.2 243 2.2 
2 243 242 2.2 244 2.2 
2 244 243 2.2 245 2.2 
2 245 244 2.2 246 2.2 
2 246 245 2.2 247 2.2 
2 247 246 2.2 248 2.2 
1 248 247 2.2 
